0	0	0	509	121808	42	290952	78	382304	57	509
0	0	747688	519	872888	108	1067400	71	1109696	74	519
0	0	1441288	517	1566448	101	1760904	69	1803168	70	517
0	0	2161584	515	2286736	92	2481240	59	2513368	59	515
0	0	2900584	502	3025736	97	3220240	53	3238840	56	502
0	0	3627848	499	3753000	96	3947512	49	3989800	57	499
0	0	4297616	504	4422776	95	4617272	43	4659552	55	504
0	0	4928496	514	5053648	86	5248152	46	5290424	54	514
0	0	5550912	522	5676064	88	5870520	56	5912792	61	522
0	0	6200320	537	6325480	76	6519976	49	6555496	51	537
0	0	6887008	538	7012168	77	7206656	50	7225264	52	538
0	0	7634568	527	7747888	88	7954224	59	7996504	60	527
0	0	8344920	529	8470072	85	8664576	52	8706864	55	529
0	0	9023152	526	9136472	86	9342816	51	9378328	56	526
0	0	9677712	529	9791024	82	9997352	51	10039640	54	529
0	0	10410040	518	10535216	95	10729728	66	10761864	66	518
0	0	11225304	501	11338648	109	11528080	70	11580504	74	501
0	0	12028744	492	12153896	112	12348408	52	12367008	56	492
0	0	12742472	488	12867624	111	13062144	30	13104432	36	488
0	0	13415640	491	13540792	113	13735296	33	13777584	35	491
0	0	14071896	504	14197056	105	14391576	27	14454144	35	504
0	0	14682472	509	14807648	106	15002152	29	15044432	38	509
0	0	15274456	517	15399608	117	15594128	44	15612736	49	517
0	0	15878272	528	16003448	112	16197976	45	16230112	52	528
0	0	16495656	530	16620840	112	16815376	47	16857656	57	530
0	0	17141840	528	17267024	114	17461552	46	17503840	57	528
0	0	17799824	522	17924976	116	18119488	38	18138096	43	522
0	0	18450992	520	18576152	117	18770656	38	18789264	43	520
0	0	19066640	525	19191800	114	19386304	37	19428584	46	525
0	0	19650152	529	19775312	111	19969840	38	20012120	50	529
0	0	20230328	527	20355496	114	20550008	53	20592288	62	527
0	0	20840936	525	20954264	123	21160608	64	21192744	68	525
0	0	21498920	516	21612256	126	21818600	63	21850720	68	516
0	0	22217760	501	22342912	131	22537416	47	22569544	54	501
0	0	22931488	496	23056648	126	23251152	28	23293432	30	496
0	0	23602944	491	23728120	114	23958152	28	23964920	28	491
0	0	24230456	499	24355616	106	24550128	28	24592416	27	499
0	0	24832584	506	24957744	93	25152240	22	25194536	22	506
0	0	25405976	513	25531152	96	25725672	18	25767960	21	513
0	0	25964152	516	26089312	111	26283808	30	26326096	38	516
0	0	26530752	525	26655904	121	26850424	43	26892696	52	525
0	0	27112576	533	27237736	117	27432256	41	27474536	51	533
0	0	27716416	530	27841568	118	28036088	42	28078384	52	530
0	0	28342216	525	28467368	121	28661888	34	28704168	44	525
0	0	28969704	521	29094880	122	29289392	34	29307992	37	521
0	0	29578616	522	29703784	121	29898296	34	29940584	46	522
0	0	30168912	526	30294088	117	30488608	39	30530896	52	526
0	0	30745688	524	30870848	113	31065352	55	31107632	65	524
0	0	31352912	526	31478072	123	31672600	79	31714872	80	526
0	0	32051480	520	32164808	128	32371168	77	32413464	79	520
0	0	32843088	502	32956416	137	33162760	67	33198296	74	502
0	0	33616080	498	33729392	130	33935736	37	33978016	40	498
0	0	34311224	500	34436400	119	34630904	32	34663032	32	500
0	0	34953952	508	35079112	116	35273648	30	35305784	30	508
0	0	35559480	515	35684656	108	35879176	23	35911320	23	515
0	0	36137992	516	36263176	109	36457704	24	36499992	28	516
0	0	36706360	518	36831544	121	37026088	35	37068360	41	518
0	0	37296752	521	37421952	129	37616488	51	37658784	58	521
0	0	37914224	523	38027560	130	38233936	50	38266088	57	523
0	0	38562040	516	38687080	129	38881568	43	38923848	52	516
0	0	39229960	511	39343288	129	39549624	29	39581760	33	511
0	0	39881128	507	39994448	123	40200776	27	40236288	28	507
0	0	40501784	508	40626928	113	40821432	24	40853576	24	508
0	0	41102192	510	41227352	109	41421848	26	41453976	26	510
0	0	41678928	516	41804088	107	41998592	19	42017192	20	516
0	0	42243824	523	42368992	120	42563488	33	42605776	37	523
0	0	42823888	530	42949040	118	43143544	36	43175680	40	530
0	0	43426000	525	43551152	121	43745656	40	43787936	48	525
0	0	44055160	523	44168488	124	44374816	33	44406952	39	523
0	0	44674184	520	44799336	108	44993872	23	45036152	29	520
0	0	45266176	519	45391328	109	45585832	24	45628128	27	519
0	0	45844616	523	45969768	110	46164280	24	46206568	29	523
0	0	46412936	527	46538088	113	46732600	29	46751200	32	527
0	0	46969384	530	47094544	120	47289056	40	47321192	46	530
0	0	47544456	531	47669624	123	47864128	55	47882728	60	531
0	0	48153360	535	48266672	122	48473040	49	48505176	57	535
0	0	48802904	528	48916240	125	49122600	47	49164872	56	528
0	0	49469312	511	49594472	121	49789000	28	49831288	35	511
0	0	50117120	505	50242280	122	50436784	30	50479072	33	505
0	0	50726008	513	50851160	122	51045672	34	51081184	37	513
0	0	51314584	524	51427896	118	51634296	22	51652904	25	524
0	0	51884600	522	52009760	109	52204272	28	52246568	38	522
0	0	52432616	526	52557816	116	52752328	44	52794624	56	526
0	0	52992504	533	53117664	115	53312160	65	53354448	70	533
0	0	53579400	537	53704552	110	53899056	62	53931192	66	537
0	0	54211960	527	54337128	116	54531632	68	54563776	74	527
0	0	54917256	514	55030576	127	55236920	62	55255520	67	514
0	0	55593800	507	55718952	123	55913472	44	55955768	55	507
0	0	56223016	513	56348160	118	56542664	40	56584944	54	513
0	0	56816672	516	56941848	111	57136344	40	57178624	51	516
0	0	57384984	513	57510152	115	57704664	48	57746952	57	513
0	0	57982088	510	58107240	121	58301752	71	58344032	76	510
0	0	58618040	509	58731360	123	58937728	57	58980016	64	509
0	0	59313256	495	59426576	131	59632936	43	59668448	53	495
0	0	60015176	490	60140336	120	60334832	27	60377128	31	490
0	0	60656216	491	60781384	114	60975920	30	61018200	33	491
0	0	61268520	502	61393680	111	61588208	34	61630496	36	502
0	0	61855464	516	61980640	114	62175152	26	62207288	29	516
0	0	62428864	519	62554056	117	62748560	31	62790840	38	519
0	0	63004000	517	63129200	121	63323704	53	63365992	64	517
0	0	63587560	527	63712712	116	63907224	45	63925832	50	527
0	0	64182960	523	64296280	115	64502640	39	64534784	48	523
0	0	64788520	520	64913704	115	65108200	33	65164008	39	520
0	0	65387264	519	65512440	118	65706888	33	65738960	39	519
0	0	65972056	523	66097128	119	66291528	40	66327040	47	523
0	0	66548456	536	66673616	115	66868096	37	66886696	43	536
0	0	67108232	537	67221560	115	67427824	36	67459968	40	537
0	0	67683176	524	67808296	122	68002808	58	68045096	62	524
0	0	68313920	516	68427192	131	68633520	59	68675800	63	516
0	0	69005592	507	69130720	132	69325224	43	69367504	53	507
0	0	69697312	504	69822464	126	70016968	30	70079544	34	504
0	0	70331544	504	70456680	112	70651184	26	70683312	27	504
0	0	70935320	510	71060480	110	71297272	29	71287120	29	510
0	0	71528824	519	71653944	106	71848448	20	71890736	23	519
0	0	72098752	516	72223848	114	72418328	26	72460608	27	516
0	0	72660160	515	72785288	123	72979800	34	73022072	40	515
0	0	73231792	519	73356952	122	73551384	34	73593672	40	519
0	0	73808464	520	73933632	121	74128104	32	74170392	38	520
0	0	74391944	521	74517112	116	74711592	29	74743728	31	521
0	0	74978816	518	75103976	113	75298480	26	75317080	27	518
0	0	75552136	520	75677304	113	75871800	30	75890408	31	520
0	0	76113648	528	76238816	116	76433304	30	76465448	33	528
0	0	76666696	535	76791848	116	76986360	38	77028648	49	535
0	0	77206240	535	77331408	111	77525920	44	77568216	51	535
0	0	77750880	536	77876040	114	78070544	57	78112824	61	536
0	0	78336088	529	78449408	124	78655704	62	78687840	65	529
0	0	78971984	515	79085296	130	79291648	49	79333928	53	515
0	0	79660352	502	79773680	131	79980008	36	80015528	40	502
0	0	80306440	498	80431608	128	80626104	36	80661632	39	498
0	0	80928856	509	81054016	119	81248520	31	81280656	34	509
0	0	81519128	506	81644288	121	81838784	30	81870928	34	506
0	0	82119552	501	82244712	133	82439208	47	82471344	49	501
0	0	82745344	500	82870520	127	83065016	34	83107304	37	500
0	0	83391456	498	83516616	125	83711096	32	83743224	32	498
0	0	84051048	505	84176208	106	84370712	22	84412984	22	505
0	0	84668384	510	84793544	88	84971144	20	85030328	20	510
0	0	85263744	521	85388904	92	85566496	28	85625704	26	521
0	0	85842216	530	85967360	98	86204128	9	86204128	9	530
0	0	86408776	521	86533936	110	86728432	22	86770720	25	521
0	0	86970304	521	87095456	119	87289976	27	87332248	30	521
0	0	87535248	521	87660416	117	87854920	26	87890432	29	521
0	0	88110312	520	88235464	117	88429960	27	88472248	27	520
0	0	88698904	521	88824064	108	89018568	25	89054080	25	521
0	0	89270576	528	89395720	101	89590240	20	89622384	20	528
0	0	89835504	531	89960656	107	90155168	28	90197448	30	531
0	0	90386872	538	90512056	112	90706584	25	90742112	26	538
0	0	90934960	535	91060120	114	91254632	28	91286776	32	535
0	0	91493104	529	91618272	123	91812760	44	91855048	49	529
0	0	92074904	529	92188216	122	92394584	30	92426720	33	529
0	0	92693944	519	92819104	125	93013608	31	93055896	32	519
0	0	93318048	516	93443208	112	93637736	23	93680008	25	516
0	0	93913448	517	94038616	109	94233112	24	94275400	25	517
0	0	94488512	526	94613664	117	94843680	26	94850440	26	526
0	0	95058488	519	95171832	113	95378160	20	95410304	22	519
0	0	95628504	511	95753672	124	95948208	36	95990496	38	511
0	0	96206984	512	96332152	124	96526656	34	96568936	37	512
0	0	96800664	515	96925824	122	97120336	29	97162624	31	515
0	0	97394384	516	97519576	117	97714096	22	97756376	26	516
0	0	97983024	515	98108184	108	98302688	21	98344984	21	515
0	0	98558088	521	98683256	95	98877792	22	98920080	22	521
0	0	99106136	528	99231288	103	99425800	28	99468104	29	528
0	0	99652456	543	99777616	104	99972136	24	100014432	29	543
0	0	100176800	541	100301992	109	100496520	26	100528648	33	541
0	0	100699496	533	100824656	112	101019184	55	101061472	62	533
0	0	101237400	546	101362584	107	101557088	53	101599368	58	546
0	0	101797248	543	101922424	107	102116936	47	102159216	53	543
0	0	102396024	529	102509376	120	102715712	49	102734312	53	529
0	0	103030344	515	103155528	126	103350080	41	103392360	46	515
0	0	103701936	507	103827112	131	104021608	41	104040208	43	507
0	0	104348784	515	104473592	126	104667736	38	104703232	39	515
0	0	104966648	525	105091720	124	105286072	40	105328352	40	525
0	0	105573400	525	105686672	120	105892624	26	105924728	28	525
0	0	106181528	510	106294752	128	106500960	37	106536472	38	510
0	0	106825360	502	106950424	134	107144856	43	107187120	45	502
0	0	107514904	501	107639936	133	107834368	38	107876640	41	501
0	0	108233328	506	108358360	120	108552824	30	108595080	30	506
0	0	108921496	512	109046656	103	109224200	28	109283368	26	512
0	0	109577520	524	109702656	86	109897136	19	109915744	19	524
0	0	110186344	530	110311504	94	110489088	28	110524560	27	530
0	0	110786592	539	110911704	94	111089296	19	111138344	18	539
0	0	111359896	535	111485056	110	111662640	24	111721832	25	535
0	0	111938328	529	112063488	118	112257984	39	112300216	44	529
0	0	112535160	528	112660304	118	112854808	40	112873416	43	528
0	0	113172784	530	113286096	130	113492408	48	113534696	55	530
0	0	113856032	526	113969304	129	114175640	40	114207776	45	526
0	0	114549248	521	114674328	123	114868768	33	114911048	34	521
0	0	115217152	524	115342320	123	115536816	41	115579096	41	524
0	0	115861536	531	115986696	117	116181200	39	116213336	39	531
0	0	116485632	540	116610792	110	116840808	22	116840808	22	540
0	0	117082664	529	117207808	112	117402256	26	117444528	27	529
0	0	117676200	523	117801312	120	117995800	41	118027928	45	523
0	0	118290064	519	118415216	126	118609664	61	118651944	63	519
0	0	118947928	519	119073088	128	119267592	56	119309872	59	519
0	0	119658288	512	119783448	130	119977952	45	120020232	51	512
0	0	120356808	507	120481944	122	120676392	25	120718680	27	507
0	0	121050168	500	121175336	114	121369832	28	121432408	29	500
0	0	121704712	506	121829864	110	122024376	31	122066664	31	506
0	0	122333888	519	122459056	106	122653520	30	122695800	30	519
0	0	122934272	525	123059432	97	123253928	19	123272536	19	525
0	0	123507616	524	123620936	114	123827256	28	123862760	30	524
0	0	124091088	524	124216256	121	124410752	44	124453032	49	524
0	0	124691448	524	124816600	124	125011104	57	125053384	61	524
0	0	125329072	526	125442392	127	125648736	53	125684248	61	526
0	0	125988688	526	126113848	120	126308352	35	126364160	41	526
0	0	126663520	515	126788680	120	126983176	31	127025464	34	515
0	0	127329912	511	127443240	120	127649584	29	127691864	28	511
0	0	127972632	509	128097792	110	128275392	29	128324432	29	509
0	0	128588280	515	128713440	114	128907936	34	128950224	34	515
0	0	129192088	523	129317240	108	129554040	26	129547272	26	523
0	0	129772152	523	129897296	108	130091760	30	130110368	32	523
0	0	130347136	528	130472216	118	130666624	39	130708888	44	528
0	0	130947328	528	131060592	124	131266904	50	131309176	54	528
0	0	131591624	519	131716784	128	131911272	58	131943416	62	519
0	0	132298568	513	132423720	127	132618232	47	132660520	56	513
0	0	133013984	511	133139128	122	133333640	31	133369152	35	511
0	0	133717544	509	133842704	115	134037200	27	134069336	27	509
0	0	134387304	506	134512456	108	134706960	28	134749240	28	506
0	0	135028296	514	135153456	95	135347952	26	135390240	26	514
0	0	135640552	520	135765712	95	135960216	26	136002504	26	520
0	0	136229144	524	136354296	102	136548808	27	136591088	28	524
0	0	136792376	529	136917504	113	137111984	29	137144128	31	529
0	0	137369080	528	137494240	120	137688736	45	137720872	48	528
0	0	137962728	527	138076048	124	138282368	52	138324656	56	527
0	0	138600344	524	138725504	126	138920008	46	138962280	53	524
0	0	139300544	519	139413864	128	139620208	42	139662496	49	519
0	0	140031224	514	140156376	119	140350872	32	140393152	33	514
0	0	140709448	514	140834624	113	141029144	28	141091728	27	514
0	0	141347120	517	141472264	106	141666784	30	141709072	30	517
0	0	141961072	530	142086232	98	142316264	17	142323032	17	530
0	0	142551384	524	142676536	111	142913352	27	142933656	27	524
0	0	143150160	522	143263504	122	143469728	35	143505192	37	522
0	0	143765384	517	143890352	122	144084800	36	144116872	39	517
0	0	144405912	519	144531032	122	144725496	32	144767768	37	519
0	0	145051912	518	145176696	113	145354024	26	145413128	28	518
0	0	145686848	517	145811640	104	146005728	19	146037832	19	517
0	0	146297548	516	146422408	93	146616520	20	146658736	20	516
0	0	146888224	521	147013224	98	147246320	26	147249696	26	521
0	0	147474256	533	147599328	102	147793424	27	147835672	27	533
0	0	148045240	533	148170280	110	148364648	29	148396784	31	533
0	0	148613144	533	148738248	120	148932640	41	148974840	46	533
0	0	149192808	530	149317848	119	149512176	54	149554456	63	530
0	0	149813104	525	149938216	125	150132528	59	150174784	67	525
0	0	150505776	519	150630776	127	150825104	51	150867328	60	519
0	0	151230848	515	151355872	124	151550288	37	151585800	41	515
0	0	151913768	513	152038880	120	152233320	32	152295864	34	513
0	0	152561384	521	152686544	118	152864128	33	152913192	35	521
0	0	153185488	525	153310536	109	153504952	28	153547224	31	525
0	0	153785632	524	153898944	125	154105040	42	154137128	45	524
0	0	154410960	524	154536072	126	154730520	45	154772800	51	524
0	0	155067056	511	155180376	130	155386384	45	155421792	51	511
0	0	155776416	506	155889632	134	156095840	40	156138112	44	506
0	0	156493224	502	156618176	118	156812480	27	156875040	27	502
0	0	157153832	506	157278924	112	157473248	33	157515536	33	506
0	0	157780952	520	157906000	108	158100384	27	158142656	27	520
0	0	158386064	520	158499368	114	158705496	21	158747768	22	520
0	0	158981128	515	159106264	133	159300696	56	159363280	61	515
0	0	159596664	528	159721816	126	159916288	51	159958560	57	528
0	0	160227480	526	160352632	127	160547072	47	160579208	53	526
0	0	160883608	524	161008768	127	161203272	37	161235400	43	524
0	0	161553328	517	161678488	122	161872728	33	161914984	36	517
0	0	162188768	521	162313872	126	162508304	42	162550576	46	521
0	0	162804248	533	162917576	123	163123864	29	163159384	29	533
0	0	163404584	529	163529712	119	163724192	31	163756320	35	529
0	0	163976192	528	164089496	121	164295832	40	164331344	47	528
0	0	164557960	525	164683096	129	164877568	79	164919808	83	525
0	0	165166696	538	165291848	121	165486352	77	165528632	80	538
0	0	165849672	532	165962952	122	166169248	73	166211512	78	532
0	0	166586904	506	166700200	128	166906528	57	166942048	65	506
0	0	167309040	489	167434208	125	167628672	42	167670952	54	489
0	0	167978776	485	168103888	130	168298368	43	168316968	47	485
0	0	168611240	495	168736400	127	168930888	36	168973168	49	495
0	0	169215032	498	169340200	126	169534712	48	169576984	60	498
0	0	169825096	503	169949992	130	170144200	71	170186400	79	503
0	0	170450080	510	170563264	123	170769416	60	170801536	68	510
0	0	171094000	502	171207272	127	171413400	48	171431992	54	502
0	0	171746408	493	171871544	123	172066008	36	172108272	51	493
0	0	172375352	492	172488648	127	172694984	31	172737256	44	492
0	0	172989216	498	173114376	128	173308864	36	173351144	47	498
0	0	173586240	510	173711392	127	173905824	41	173948088	56	510
0	0	174166272	519	174291424	120	174485928	55	174528184	67	519
0	0	174748040	527	174873192	115	175067688	70	175109968	75	527
0	0	175350136	541	175463456	102	175669800	57	175701936	60	541
0	0	175984352	524	176097664	110	176303960	59	176336104	66	524
0	0	176664208	504	176777528	130	176983872	66	177026152	76	504
0	0	177345800	496	177459136	129	177665464	51	177707744	65	496
0	0	178003616	492	178116912	133	178323232	45	178358728	55	492
0	0	178642880	496	178756192	131	178962536	46	179004792	60	496
0	0	179256800	503	179381952	125	179576472	50	179618760	62	503
0	0	179860616	504	179985768	124	180180272	58	180222552	68	504
0	0	180476248	505	180601400	123	180795904	69	180838192	78	505
0	0	181117216	503	181242368	127	181436872	59	181469008	68	503
0	0	181778520	494	181903680	130	182098176	43	182140456	58	494
0	0	182443208	489	182568344	131	182762856	32	182805144	43	489
0	0	183082520	492	183207680	130	183402176	31	183434320	32	492
0	0	183694760	502	183819920	128	184014432	33	184077008	46	502
0	0	184283344	515	184408496	124	184603000	37	184645280	54	515
0	0	184848240	523	184973400	119	185167904	50	185210192	62	523
0	0	185416528	526	185541688	115	185710832	67	185778488	73	526
0	0	186006840	539	186131624	102	186325800	62	186381552	66	539
0	0	186645272	529	186758504	111	186964776	64	186996920	69	529
